0
121739
118524
94821
74296
85023
57148
111121
43039
112187
96502
109937
95975
185275
113587
84514
92686
118361
103454
138117
106324
104392
63408
73828
107279
75110
94651
71830
98575
108041
94434
117475
71088
94578
81834
108900
88491
98783
79767
111895
96569
100772
93422
101712
108347
120768
98610
46039
118091
123737
75697
99321
120155
73153
105943
87574
79068
98990
105851
85471
79902
114571
114463
91015
118900
90053
73268
126265
107695
101740
86919
84564
132810
95748
105542
92728
94854
106403
105319
97836
129363
79657
123003
121816
104567
116845
120155
101706
105428
84377
183337
79868
105969
97284
107927
97055
113843
112797
91981
83093
103795
86828
104063
92983
102464
116838
135709
123733
65142
127924
98218
108624
91258
112435
78236
111543
104679
134088
118499
91493
95614
91918
114667
75194
82083
144364
117434
96338
90058
116700
78030
51505
135527
109241
97178
155707
128202
94407
82063
104016
119933
93020
84442
55456
95250
96840
109795
111962
106962
162803
99102
77416
125861
111545
85650
117623
123938
95781
98035
33236
103346
117717
126948
68967
74846
123574
56386
104986
83237
154613
99853
80901
97043
82879
79013
104854
80534
113984
120655
90702
94019
122262
71071
57183
64789
98310
64413
73569
97603
81631
144901
119577
85390
141662
66675
136547
86776
79054
103980
62129
81164
82735
103155
97917
98955
64650
62139
144342
122059
94569
126929
85488
109666
98655
89725
85094
112554
99091
82518
96098
88549
103473
120522
106291
87311
107896
74337
100062
140040
108810
46952
130609
125301
78322
107721
125082
98405
97703
114610
98374
125840
67708
137364
126383
110637
114847
112323
119634
93691
83271
117448
115290
137711
98997
90936
138038
122486
88990
83427
121741
122629
114391
64971
83253
114133
88769
105404
88887
97711
95179
99065
77620
92149
85072
86581
99901
65933
100248
109719
91461
113736
110615
99185
133238
101575
60206
109889
82867
85853
99016
89405
144094
93039
113174
88457
85545
104849
133410
100738
104719
117412
103027
94159
90836
122039
92602
115259
146882
111368
103371
85569
85880
89477
116203
86301
115679
75317
107594
108448
109805
141564
139162
109037
78823
83972
143093
114751
66453
102937
115867
122141
71494
100571
78411
85797
97912
104992
107468
106274
88537
111386
91514
105724
80694
97501
47668
137354
119698
95973
93524
84471
103633
86092
110890
137841
125188
120734
106680
74811
50942
98910
88688
107372
117057
117497
119272
77009
94951
123749
108816
64583
88533
99364
78878
145930
60976
89936
98346
92381
75700
95533
110836
102890
103624
107235
97426
94397
102633
35112
123941
60238
118150
67969
133893
79012
88646
84599
111968
122573
118516
87955
94425
89727
80045
125863
103847
127228
103120
128601
82246
111282
101319
111751
98628
83905
135699
104400
107867
99870
96592
112516
114566
99533
88331
136466
116318
102044
89731
108443
111290
80138
91358
125100
110116
100562
129218
88216
86336
115301
117692
106736
129513
108453
123413
102130
81828
113451
92957
65694
124743
90963
113713
114096
116963
128773
90576
100291
123990
89346
94258
52990
93467
127871
78544
96598
62015
99605
59934
119339
85797
94809
100741
95765
108548
100367
68782
93514
93440
94631
121812
105188
124113
76436
121717
102172
101261
146873
101523
100694
100026
98611
109716
87401
93828
122354
126261
73310
97201
105856
130348
103814
75087
103718
137662
79819
104579
124815
64735
137948
84069
96222
130165
97864
91512
78471
93559
94097
101449
97299
120775
75553
102725
129045
112572
114444
71977
86936
86225
90170
119594
113464
95572
109132
98143
99670
129718
96131
129271
118464
92078
77103
77540
92434
110057
47835
125617
117741
92779
90075
104083
110991
120141
114539
120374
104516
77504
76852
95273
112000
99022
57588
127495
119133
82298
96011
97955
102446
106882
151508
69497
71321
93218
104662
110002
93392
108351
116468
52488
113651
124038
114913
133277
133409
110687
114150
132485
67198
76264
95892
78122
119366
98668
89915
113788
105055
105191
89128
119566
125799
85332
115829
130371
143367
107562
103325
61680
74533
95276
71663
102289
74032
97091
112089
105875
108859
120452
107404
117697
96471
57072
121710
104725
132333
78385
101932
80194
99820
119562
97498
99062
146282
100684
91694
92626
29787
106912
59654
109216
90294
130164
105121
96900
99541
100928
85530
138893
100158
129437
130264
108669
114842
95658
68862
113442
104556
143478
105788
133841
91931
112113
99431
80612
120617
65832
158338
98282
115841
63357
103132
75335
110045
72235
79445
94069
93211
119350
108173
73396
105180
108722
118285
103281
103500
119249
76714
76123
83481
68294
130909
97155
91487
87293
112155
110744
87573
131554
73477
91199
97299
106033
123075
89368
130546
46583
106799
106642
114672
104576
108993
112244
98140
89054
88940
42900
138279
107547
88096
66187
101475
74923
119832
103448
68939
118728
120001
93036
86797
104111
113192
127088
117940
88786
84473
83698
96854
98891
136993
140817
87465
117639
107120
101777
100580
97267
105698
77180
112107
87758
99374
118516
117690
90339
105718
117187
102479
98253
85766
118368
116460
82693
63716
104354
74252
134950
77131
99596
117713
92097
63152
95552
42122
132288
92261
73984
102134
120258
119621
97837
140111
100237
110093
87019
98995
101322
79926
88354
116023
46559
134440
125551
128964
108212
78617
70186
95237
86467
82143
105132
70501
98295
68603
137138
87921
134106
85877
77037
79518
103326
94659
204964
85396
123762
82972
108785
147726
93617
100122
78923
107586
91049
102627
92944
105326
111338
87842
135828
111406
83657
29567
103762
95665
118217
120191
73416
97877
59950
95670
132655
132507
101031
118286
142332
81200
108367
105758
101454
101010
95855
138213
106545
111716
85381
89168
89142
125465
124373
76413
79813
96295
99239
79442
96300
99035
103575
110606
103199
63304
113316
107874
63914
94764
115227
131098
52243
95029
114741
97071
146186
132622
82561
99445
119658
93665
133782
68082
102678
104028
85989
81559
98098
105658
117306
57970
113284
75300
113414
100400
80573
91139
76306
144938
96959
76637
80131
80900
103182
54092
109231
94475
100088
116678
82004
49446
66324
127513
87912
105765
101583
72493
125341
88723
88483
134903
77153
85935
104105
119262
107918
100239
88304
69307
106828
93876
124649
97340
103367
50460
91906
71003
127264
110914
85161
88075
59334
60691
120740
107127
97566
89816
97945
110548
90666
89401
93643
87937
104413
135050
130792
96478
89490
98400
95842
129568
101675
58236
120746
117090
114014
77259
101186
85848
109034
94093
127147
134753
110685
55988
137893
117703
76450
92071
114864
92827
92409
94466
88115
100612
90740
112773
99436
53456
68737
85071
117871
98151
105063
126394
116886
87417
89385
125231
79486
97756
89854
87581
56294
121894
78981
114265
107726
106454
121048
61342
106676
141101
118177
94222
63544
101068
106644
126624
141603
117489
103171
93643
159909
80778
85209
117529
123795
115956
101296
104404
129953
95433
99697
96442
130995
108714
104955
88483
90759
96573
72674
108521
111413
74726
103530
105426
106198
34241
91776
85334
124717
63959
118936
113520
122944
73412
105014
118101
100532
91596
53883
83629
91503
56311
129521
86181
136529
70787
126427
88124
72145
104515
119157
98947
97810
97838
76189
106729
114718
81041
109577
87824
85760
109218
73717
132123
92839
117742
104881
130315
91396
71909
58637
114394
104293
120037
102371
114045
97968
103436
66219
79513
125395
98729
101420
63570
118210
118198
117306
119109
79153
117656
97220
70302
128831
105359
91827
88392
109785
88571
106583
95509
99450
110921
83554
81166
75706
114734
106723
74983
79190
78024
104165
69636
102594
122357
100790
121267
116579
91932
114427
116250
83760
118097
95660
117391
91077
106733
82191
93030
91383
123985
126057
111338
106130
110019
106518
97618
97055
116534
96317
119948
88007
135128
101172
118690
41040
122048
85295
69202
113896
84742
125452
96856
84257
106753
82342
126800
86468
106258
121366
89838
104602
80440
95953
115160
102690
88815
105012
76968
42096
109972
96805
111773
102524
121342
87871
119039
111350
93316
138753
111968
122190
86959
138189
93920
76494
93177
109088
96145
84740
110574
54188
111315
94305
86585
68767
95910
113320
90937
105879
91339
87032
108768
123867
89626
118486
110594
135505
104648
124142
122943
140436
96336
113500
104867
135563
130613
130374
111939
85374
91503
127566
112276
67466
128166
89354
116239
115363
97685
55552
114659
98600
147483
102815
107662
109862
115657
110678
97318
107664
108563
83744
104375
96040
69254
85033
97627
84736
119092
118647
126225
102018
80428
91436
80684
124271
76022
120505
99491
76561
106310
73897
103376
106439
71018
121038
66770
72501
107711
105422
146335
89239
115612
110356
102027
97745
106066
85591
90374
67079
139631
83700
90724
93242
72323
113364
89342
69117
84683
93843
120515
134930
124205
108822
98589
133951
116074
72101
105802
70303
105074
135928
110768
103889
128586
77979
126757
104943
104677
129985
114976
113565
115199
60419
90996
102812
98191
76089
78669
107838
95356
90558
115370
105610
95157
85668
98411
109905
121808
86989
80506
109953
95414
115229
94803
103622
96142
87403
99380
46103
91735
78799
121152
145669
120946
87559
59049
90406
79974
123064
89329
66378
117185
86584
100914
108980
109045
110849
113412
85037
93679
110357
86559
88297
95418
136808
121417
78468
188759
108251
70510
79723
103216
97889
79853
121512
104333
75987
89518
107691
95393
97315
94811
83149
103924
129612
121378
112515
111008
122959
108117
74298
116463
73898
168075
73100
96386
59662
103923
102571
100266
101889
91219
92006
92078
92999
106135
90248
96177
78996
101067
90389
104025
131630
110331
106021
102423
75586
92436
98293
81930
64671
99757
108957
90703
92707
94046
68330
130518
116980
80119
125508
140679
102702
115316
92784
86815
84848
99471
76845
120080
90778
108229
97210
96682
114702
73515
77287
94589
54330
91778
104828
70987
124707
149166
107722
107356
93881
118635
89071
99361
113131
118255
85808
102967
67610
94916
85776
121167
130892
83900
98084
92766
104915
104601
103443
83291
91840
93236
57675
94442
108876
108092
92802
130869
117710
75509
118401
121842
92146
111326
95029
77243
95339
111460
93800
108393
99266
72556
122975
89536
110683
128528
94210
119418
71459
90718
75856
80162
102751
104243
100460
86965
90933
91740
135647
127834
125992
62793
112762
85661
62159
105743
79582
84616
114342
88022
135185
72416
100442
103176
82276
135856
57686
93634
78237
65904
98184
109847
102850
100234
77259
91407
105673
97972
133034
97529
103587
79957
87268
101753
86579
101684
97038
97454
130534
56120
130139
92637
94216
124621
96158
120554
105125
84957
90436
82808
90665
89218
91125
102096
88594
118777
89583
108967
88755
93368
76527
83454
86640
105045
116814
92983
88403
113449
87572
124841
78477
76150
102595
112640
121915
96143
112649
103082
80632
84160
107134
119665
90716
83212
93942
98880
97222
85641
104594
115382
128812
115582
61817
130185
81400
135627
104687
140417
119339
127906
88733
137052
105190
129639
129801
123740
83887
115476
121981
140372
77324
101637
107854
85605
109443
114289
113327
141401
89042
103403
118432
92932
108185
99220
105885
125578
108627
83734
98737
81249
140923
87854
69712
102794
109847
99583
109664
63798
95200
86915
117228
114986
108444
86063
96814
66020
90443
113891
93388
102148
135528
82490
118884
82351
92740
112473
90394
71649
83999
63252
74092
95502
102023
97288
70400
108748
124944
87022
99747
70377
140987
101331
122325
83549
90308
124128
112749
101404
96430
98971
97013
108191
74240
102359
106234
122660
117426
96844
131436
91325
75983
119233
79675
76578
100240
92156
104608
96276
93814
91019
121226
105379
91188
119142
80814
104176
136818
89969
101607
89859
131371
71846
71392
108620
60439
109759
107035
125924
114111
122385
102854
100603
98878
114135
103725
106713
101411
117327
110773
109170
88354
111532
101287
76611
123409
101825
65817
98192
102351
95675
95204
108229
95383
65622
82025
108832
137046
97072
97786
96688
102629
88199
82616
128613
115208
121028
105136
100956
116133
90920
73254
96268
99350
161324
106069
120083
66207
98233
77637
114115
100627
114830
78654
101725
95932
95118
113599
94624
74363
137228
66655
96221
97380
119083
99270
92221
90610
106600
174067
104497
115934
75161
113369
130163
67239
104577
103668
112797
119115
120375
97642
97639
98050
94506
69916
69080
71322
88416
95668
111559
133786
94521
60739
90814
101267
87362
94170
117964
96370
59345
89296
136551
126501
103195
97612
117602
120963
173723
72049
90627
113763
109842
123177
97569
158831
99648
125410
100461
108469
116391
101658
127082
107754
119302
102191
93308
99781
47034
84066
81080
122056
121872
131798
85055
113365
82452
98531
90888
102921
93208
111525
96783
83558
92148
108794
103865
127571
88345
117981
84614
128127
93168
102250
69069
101559
131513
124519
107875
75379
118457
84874
66646
73473
51000
87694
109774
127520
124754
96874
137076
87215
116172
143775
61424
107562
94859
140309
103913
63233
119395
92119
56697
81390
79589
82540
130323
88171
104506
55881
119444
101344
56497
112928
86989
66863
95441
125357
53523
112666
110917
110503
107540
102459
112693
93555
94118
88625
109895
111327
66510
100846
111523
105994
97643
113644
109997
106154
91522
75533
105821
117456
91326
65322
58355
112675
120470
108626
100695
81852
78331
145132
112687
98026
85899
86690
85403
91494
132611
132575
104243
108163
114271
121249
126601
91030
112132
102987
57805
111346
72290
92361
80937
126097
82455
38512
114584
117389
113155
93212
76268
125429
107408
71299
53677
82084
95731
97506
118755
78291
83173
113420
91048
114487
116731
98579
66347
75297
110748
125679
107521
110607
63666
94709
97460
93468
91872
134189
120344
117446
113334
84772
143057
134185
124892
88914
126354
115924
101428
84958
81720
94726
112528
121248
105238
130864
116636
101893
120108
102960
115993
85607
110645
93794
93522
101019
128106
145424
115002
108656
100598
99897
111897
91307
113877
92411
73894
105549
129529
134859
104039
103799
80121
81517
87014
93302
58824
102492
91464
96678
100686
94500
88799
105447
114001
111715
74766
91939
129335
72852
128112
93264
84706
121352
111136
102787
50370
144459
107791
96183
120482
94226
139799
82801
91336
116097
126667
98173
79972
98706
140084
57705
75343
43463
108384
114280
86392
95665
119770
122841
98463
91443
104944
132118
95390
102468
141772
100893
108328
95598
116417
82586
99335
116301
81240
105802
75782
116367
105538
84085
118749
90344
15136
89059
106426
115307
126911
97803
109288
110169
106376
113768
102591
104546
48202
120049
116958
124698
172373
82350
72359
66923
110870
161743
129027
116789
102627
111506
124148
53953
10245
88482
95107
108146
118162
112064
87491
101442
60678
107540
113867
92681
107429
75194
101061
110807
94235
82071
123055
132622
98421
109717
80598
97049
115358
109551
94472
103374
108710
90925
67636
79831
123982
133530
78272
126510
95750
107670
93337
78041
96031
107384
83188
139245
106798
79574
89495
106191
81608
107700
93940
83061
100836
98663
100603
98769
98594
90926
139111
121806
66227
81634
96766
101396
105251
117320
99664
124637
74928
92175
86484
76417
92644
113142
115974
102427
84229
102706
94936
94641
128573
96061
75842
126333
76650
103240
112759
97615
88215
88210
104821
88774
103862
91761
91743
101587
98591
115847
76461
104955
91430
123618
152274
77685
54610
119114
92126
98172
112048
85081
136281
92443
127779
92592
133145
109949
109273
102552
91886
153347
61278
113619
91835
84946
68317
89193
102871
145137
93450
108209
98383
108122
115985
107484
116685
136900
36328
92827
79190
83388
75129
74068
129372
82099
139727
115215
122078
119118
81276
101450
105681
146503
89761
77338
98393
125088
88713
84744
90048
125494
111186
110155
81307
108550
90784
116596
147614
93805
104777
112879
59204
109283
91296
135286
87923
85828
138809
145339
122079
118592
131988
103375
73128
108724
96938
95316
76032
116575
96008
115012
110884
97746
141978
123951
109440
109703
84827
111496
81331
104416
68984
57791
106770
113358
86486
112286
103465
84095
116897
78733
113490
93637
104134
82344
81473
91554
39495
99995
97949
130412
104244
110130
130308
102142
87884
124209
105443
64972
112404
111698
110741
121793
103173
104457
116143
100004
124916
91398
102465
89725
117146
98079
79642
92555
123994
119724
99694
85269
69895
100985
120482
87884
69417
99047
147179
117919
81180
83648
92678
114565
141955
99095
123373
119292
103742
109994
83768
97868
115173
109906
94422
76551
121221
91170
68804
89387
126266
118190
114254
118708
122258
103500
112785
127489
85839
114571
104384
115164
88702
115291
101243
127760
104246
110402
98561
74754
80885
105685
79663
123375
57316
113656
85803
123634
135579
104642
72570
131702
106386
126977
49382
83548
103398
90216
68295
108814
83712
107853
54488
95416
111250
86273
128864
104744
89754
106801
111926
106357
94383
63235
122988
105986
69160
123075
81992
65304
107258
119024
99060
79535
122943
86825
86415
120250
71023
83052
106141
127315
92279
77800
117648
91835
113493
64774
108077
116057
98024
75000
101779
96699
57445
60706
100831
79297
110265
113285
89476
97489
145166
121170
102018
98284
93405
95437
91820
132126
101585
89310
106418
75401
98121
101526
63677
140428
98029
136450
100989
149321
116518
92891
96123
141331
122339
94014
129847
65203
110941
84398
79585
80010
96164
108578
108836
115430
96072
100440
108854
133818
101528
161175
99351
88225
102438
107804
96789
118571
127933
129093
100980
99076
98645
104202
71068
124160
90824
108801
99125
79058
100700
98270
100741
108198
107979
112091
63643
86202
96081
86279
97924
123456
96348
120130
117169
41918
138608
92221
114905
102976
119279
89209
85382
81561
59806
90695
91990
128184
91822
112804
95715
113879
145636
130360
115432
117999
79007
91150
129317
119118
115438
94000
92974
113921
113540
142375
90491
80589
127273
98288
85805
170758
138295
115996
84151
73659
102335
104554
86820
119217
107006
128465
116045
85717
97606
130839
86475
66382
102116
73596
98926
103480
73084
95012
113228
107201
115879
107188
98486
94437
95126
111206
78741
130992
54983
116887
61358
74881
64676
117753
97719
150592
65376
79420
105636
122618
89935
105854
104275
91018
96324
127201
117466
88272
133805
88076
91986
89802
112520
89288
103384
62097
100121
72176
110309
100506
91575
107194
92730
109005
105368
80496
51258
124359
95237
84163
164993
128019
103057
81392
58798
77440
78497
93729
103454
71532
89696
105238
104004
104428
91408
105279
76351
106076
109815
81477
82093
110485
66219
86078
87571
104509
101710
112788
93288
110660
111472
83267
61739
106298
121813
152768
107723
89440
112048
113781
130748
139844
92984
94675
117030
78252
91285
131292
87300
108944
100630
96486
96641
115288
96187
122652
78568
88592
101270
100718
103683
37113
110793
124537
82379
112358
116788
91056
113755
72707
99403
81292
117065
96023
81817
98808
119578
83154
131944
87182
132254
86950
63792
130473
135901
106236
92005
119096
89292
97382
71813
128461
84085
100700
105809
52994
107696
90083
102373
115236
71450
95382
90257
135405
99179
149924
112882
79106
122235
87609
105662
78230
91850
107448
130559
87254
121539
54174
101336
59511
114527
109711
105929
97003
93933
126917
82947
88244
80960
90623
95023
128853
105849
99636
86149
76871
114438
84386
72250
109469
87731
92967
118698
124861
102255
85080
125096
94237
80293
128125
126568
120475
171875
91983
96809
105390
114484
85628
99949
105407
136042
101663
137253
137125
63168
85970
90203
101232
145689
103840
129444
141764
107827
77742
109897
92623
65537
101381
91631
33198
98997
104189
97011
121462
85259
99937
112089
105204
46087
133766
133531
115961
94219
133232
74521
99350
88231
90670
102450
114144
77643
75838
102352
98248
73176
102970
94232
64283
82204
54006
99990
103666
74646
95059
76414
91230
91069
94238
77365
123851
93901
120170
114452
97164
107858
86513
99543
104582
95275
98400
104238
113604
105762
98029
90755
96792
69832
123007
106618
109083
98059
103897
93408
107074
112435
87690
92190
104314
81338
151499
110653
101388
105955
98914
123359
112600
78883
75045
84856
101208
32100
105948
91255
92931
90627
108707
136066
105086
108800
85046
112752
55901
82694
53403
102156
117437
99174
120051
84321
136914
104571
120276
118402
125413
76993
86674
62436
132494
116871
88649
101355
98560
73353
79680
135611
101349
99616
75525
98039
102741
67475
113547
118926
101826
98293
121645
120709
99595
98133
71888
87401
99087
102451
127081
76300
123304
110922
76385
98266
122433
92174
97853
118059
110657
90318
109171
78461
104275
125806
127939
70995
95261
112660
120796
122308
94887
123953
106023
94841
104883
89942
80173
83376
116084
110522
87441
90022
125292
98212
84925
81946
99471
79731
95538
76117
130507
102934
87341
112598
86232
116479
68724
164703
105883
133259
109377
76314
101552
122111
115477
112411
97893
73661
97770
59753
115132
130476
91640
103668
93249
118945
86674
63630
107223
112141
110266
110720
101967
99422
82402
116703
120552
77468
88567
96508
131226
102148
96256
135946
119662
103847
110345
136423
135387
119120
109253
105859
95634
103093
115477
113938
93160
138095
98183
125531
100028
97998
96063
72315
89926
86000
79516
112788
92385
85995
100223
84814
114512
116526
133952
87827
122649
90514
131158
78207
99357
97581
91073
118359
150485
90006
104156
120455
72537
82036
105301
104701
78038
117718
52778
111274
121527
106475
117107
82914
124017
133313
102234
78194
124862
56477
105835
126344
100754
96377
107808
90421
91025
118292
92468
103155
94699
128373
94271
99924
127747
108675
78433
113502
121718
141197
114633
96347
104074
121568
86540
92855
94653
168120
126781
121916
118582
84782
105274
96748
93422
100741
93093
90118
102261
109537
109448
105937
125615
152302
128978
97894
84381
109590
118830
108866
91448
97240
94723
96969
105411
113211
80348
114189
104961
126074
97089
90112
84243
63147
120993
114874
111075
104373
123821
93337
106914
76345
116846
82621
88787
96229
141912
87858
92606
98640
97772
160034
75989
98313
86129
73231
115506
139259
107912
96595
112180
114924
120423
96089
98061
98643
110224
112508
77504
106508
110760
126108
111074
86546
115584
94095
123087
78625
109050
88711
106477
101332
114413
107916
62728
101507
86336
107751
112674
110669
72912
118775
119965
109584
70377
117768
109214
127546
124135
117414
114887
101802
86662
99471
101229
87778
86468
85226
98894
117862
122768
94490
120755
106414
133850
128579
88864
89561
104752
113716
138579
118645
84007
88871
92848
151902
125311
129812
93202
71058
115217
102866
113956
112476
114031
104047
99299
83148
115225
120204
124180
148158
104025
93694
81823
102712
104456
64331
93556
112339
98186
115738
94472
88424
107934
98729
118699
92767
119164
116723
89918
64182
88171
62671
104172
87106
123927
93220
114786
88318
62753
99764
105205
102153
101171
101899
91356
145157
73721
113355
92409
140237
122141
126335
96986
120082
57482
101209
93930
106778
122814
86516
129361
108577
91980
63657
83764
89254
110384
110740
98847
92745
111724
105648
121378
84108
103700
96513
106660
117973
135046
144858
101340
105924
116022
86366
99377
96496
107863
139365
148693
112816
111210
153999
76966
127073
96382
84118
89970
108591
96604
107707
130085
80664
89390
85129
91478
111512
106677
123728
91475
99533
107409
103264
113120
112661
98875
100494
79260
115484
63867
96920
137108
114579
86137
133848
78171
113436
44033
141769
78848
97359
83862
112269
69618
76341
94530
136378
111723
96445
92385
55868
121000
89425
100770
69723
114457
100565
3745
88276
97110
63793
88383
71702
100543
119753
112712
93310
55694
99587
122566
103425
106214
91135
67860
92079
122539
37418
154691
89124
56940
96821
89915
89209
115313
69876
95440
101948
75560
101198
103086
105806
86390
114231
105404
99491
103498
120887
96377
117596
91153
96239
127962
82165
93443
105814
89022
113975
89503
77215
107417
121509
86485
105609
109850
106257
121239
84609
111076
108743
100988
109198
93675
78096
130756
103540
111803
85326
89024
69795
87450
112231
109517
110427
110608
138358
93367
105972
125128
122260
80069
93486
88072
106058
90603
127013
77143
42850
124749
108321
99417
83763
139900
104964
92063
107701
97885
58454
115635
100734
136004
108765
73650
109151
97944
107088
58404
78337
73324
100228
99406
82195
91471
106620
137196
110480
93010
99704
104056
101868
147273
109373
130978
118638
73413
90674
110884
159937
98360
109497
122784
93695
93899
113836
73713
93731
83556
98010
124248
87893
110581
125879
97672
115250
91464
79570
99650
131081
108280
119814
104456
112867
113694
105878
155543
121296
75290
95390
101494
121437
116054
129381
103435
124605
84100
130095
86929
99325
128927
98271
114738
162531
107430
115695
102547
83893
109610
66092
113804
111960
102606
141153
128060
111856
98722
82663
117740
95488
81675
89042
54927
127875
89432
44716
99824
37243
99933
105928
137850
106092
119518
95683
106329
106327
86868
97360
128872
94432
102237
65330
81448
107062
98633
97937
88985
77765
67046
54111
105677
90870
102500
23255
73716
107437
91878
99585
103097
83855
77578
108842
107510
130759
93190
111779
62715
119441
104928
96027
94786
47163
81604
106079
75936
96311
123079
95055
72744
99443
130646
91679
113723
103222
127732
106755
82295
99958
60636
121819
87518
104502
106432
89905
89597
83509
116207
113874
42550
112778
90222
102553
75309
117565
90877
98640
35461
80362
101927
86555
111338
131084
97082
126716
92719
125612
126118
76341
115855
98498
73550
126156
112111
86117
99115
56368
82417
132049
112976
98192
97343
85659
68451
99048
103523
105913
85679
110924
109941
102808
126052
95832
121128
116393
103390
73552
58856
71301
94951
98632
108304
96249
137063
83786
75960
60915
89466
94599
106122
111894
121239
118110
121438
108638
94319
98303
98861
92143
112430
98031
95489
120810
73762
119560
89082
124242
103529
123725
133054
102959
75619
86590
133243
100486
81995
99897
65718
152640
114297
70661
64166
83603
100082
78778
114068
82707
114156
114194
107665
114540
93758
58243
99256
67287
106698
97669
90414
81098
121734
111079
122674
94752
100757
91748
111067
75639
56838
119242
97196
101631
102101
105399
95570
129245
105391
83354
111175
92104
103739
100624
89854
98311
87438
126820
66148
97359
90061
108297
97459
93508
95053
115682
72688
101646
132083
126132
77604
92467
127300
131163
106354
110007
128820
101965
95570
81851
96321
79076
63360
93316
107533
110205
106527
93977
88014
110447
122415
95367
135614
106315
98973
111193
68559
117235
147658
113557
96496
80717
115299
90103
58792
126857
112730
127482
113851
106549
115490
98969
69123
89604
107794
106857
109141
92442
109337
80861
102373
80710
95344
115826
75494
79472
57793
80436
104339
86010
89331
69133
103383
66034
99736
123921
81878
103805
101549
91306
95940
92017
124440
80993
126605
75608
128444
113857
97601
121385
138229
95349
111180
111462
51630
136917
114447
110572
132459
108203
97853
21444
87843
127401
