100 100
37 11 44 67 76 9 41 35 91 26 81 47 99 69 25 15 89 1 61 91 71 31 30 85 26 75 83 77 1 96 57 21 81 40 88 1 53 55 15 76 27 57 71 85 69 17 50 77 26 77 79 3 31 29 69 61 1 13 29 57 31 21 11 97 30 28 49 4 99 71 57 63 17 53 76 11 53 25 76 41 9 17 10 1 85 94 99 3 77 99 57 63 84 29 9 29 87 9 59 1 
37 0
37 41
41 26
26 7
7 16
16 1
1 91
91 84
84 65
65 9
9 2
2 33
33 85
85 25
25 49
49 99
99 5
5 13
13 50
50 81
81 11
11 17
17 35
35 78
78 42
42 68
68 6
6 21
21 45
45 86
86 44
44 3
3 80
80 29
29 57
57 61
61 83
83 43
43 98
98 89
89 30
30 51
51 93
93 70
70 56
56 77
77 79
79 15
15 60
60 69
31 21
66 1
41 34
59 51
73 21
17 92
9 53
17 88
67 41
64 61
74 5
65 75
23 49
67 36
97 3
52 81
16 71
47 17
1 32
73 12
34 87
17 8
43 72
63 69
89 39
64 38
31 40
58 49
21 22
14 93
94 6
90 41
93 18
37 20
37 27
39 19
95 26
57 4
13 76
54 33
55 41
46 65
24 47
51 10
100 27
77 48
33 96
82 81
28 61
75 62
37 56 38 71
1 60 73 73
43 41 35 35
56 16 37 97
26 93 11 11
37 83 0 0
41 51 86 85
77 2 25 1
1 93 15 15
57 37 45 89
83 37 6 54
26 98 13 21
83 41 86 95
15 41 0 0
77 1 0 0
51 37 85 64
26 56 22 31
69 91 0 0
69 41 49 99
7 93 0 0
93 65 81 81
51 1 18 18
15 7 79 96
79 65 0 0
65 93 33 33
26 89 25 25
57 37 85 85
37 83 13 13
1 51 17 17
1 79 23 41
1 77 75 28
30 41 57 95
15 9 48 48
56 41 52 5
1 51 70 70
41 69 30 79
60 49 33 21
89 1 86 86
79 1 11 31
37 93 43 43
15 26 81 81
65 77 50 11
93 16 15 15
69 41 88 51
69 41 0 0
89 37 0 0
41 93 23 23
41 69 51 41
41 43 6 1
2 77 61 61
97 47 0 0
69 17 53 11
33 21 21 21
49 31 3 3
97 46 98 98
19 41 61 61
49 6 6 6
100 76 97 97
41 33 26 26
18 52 83 83
26 39 51 68
89 61 99 83
51 45 13 13
25 95 34 34
81 21 12 12
16 13 16 86
73 2 91 91
84 93 21 93
41 45 1 1
71 65 0 0
65 81 74 81
23 55 50 50
49 97 49 49
61 63 69 69
93 6 81 5
61 51 3 3
25 30 68 94
61 51 29 51
5 12 0 0
15 1 31 61
82 85 0 0
42 69 0 0
97 51 39 25
56 43 45 97
89 41 7 7
77 1 70 70
13 27 1 31
13 75 0 0
77 53 98 37
61 30 66 66
32 59 41 1
43 73 45 45
43 11 51 81
15 89 7 22
57 21 83 83
2 56 0 0
45 69 67 37
39 51 65 65
73 69 97 97
5 25 1 49
