40
3698
952
345
874
2570
952
-2796
-718
-5
-955
-840
-718
-774
-984
-807
827
936
952
653
-356
874
-884
773
-977
6952
-753
-678
690
-952
-1745
-5136
-777
986
781
-599
-639
824
-260
-821
766
-837
-3378
-956
-542
-868
935
821
1070
-770
825
-821
952
-920
-821
-499
963
-868
-770
952
-912
753
1252
329
-1464
916
952
653
-880
908
-1557
2198
-718
992
-415
100
2691
683
581
-864
925
2658
-982
-872
-1685
-986
870
952
2117
-868
986
686
821
-888
4176
-332
3371
683
-520
952
1129
-786
-329
952
753
1449
-397
952
-834
770
-877
-1826
-1741
-967
-562
292
194
718
868
-952
774
2166
-1435
-821
-2810
-952
-952
1978
-986
-971
-54
-3843
-1199
774
-777
843
-1523
489
860
-755
-1787
-379
-952
-474
-814
-997
868
176
2459
-346
274
-875
905
1850
893
748
954
868
438
992
-683
952
537
438
529
957
1493
-3852
1535
91
952
-339
-2679
-939
747
-1136
976
537
-41
126
277
-992
528
-621
-991
868
-761
802
868
616
-753
-959
-1353
-678
-1075
616
-653
966
-837
-1918
917
903
-923
-907
798
510
-718
-3020
952
654
935
-3026
952
4180
944
-724
965
-992
-3297
811
672
-941
-1137
562
-1574
992
-641
710
-946
-941
880
-512
116
3717
-441
985
880
725
-952
992
872
2478
722
-770
201
2529
-868
890
362
-859
893
-992
-1901
-916
599
-1032
-1289
511
-158
-400
609
-3444
-924
-4857
-190
-950
869
-647
319
-832
-483
718
-868
-777
502
-868
185
821
3191
949
468
-881
1996
-1293
-1480
983
537
523
355
-2863
-859
952
821
-1124
3047
986
891
329
989
-1110
802
-730
-987
749
-909
-4311
-3464
689
-470
-718
1398
2186
863
-221
-874
130
868
-639
-962
525
821
-909
-859
-1755
-1356
803
872
-1302
-1998
-83
681
-821
911
-125
964
-975
1187
968
1232
-283
507
955
895
265
-639
-810
653
903
-2830
-764
952
883
952
537
-167
-1069
651
-863
-780
986
314
-594
981
-667
805
868
964
952
-1424
2113
692
-753
-1714
-718
209
992
-69
856
-971
821
-875
874
-85
908
632
928
821
860
-859
952
363
-539
984
-770
810
755
-821
-1002
-192
-951
1866
-426
-2480
-893
992
1905
821
-770
-428
-868
-4282
231
-968
-968
-826
-2794
-968
992
-773
952
-904
992
-875
-934
952
821
1925
-995
-875
-872
182
-2959
-2577
821
2958
952
952
-875
992
952
980
-3453
984
122
-1776
-800
952
-152
860
-986
26
821
885
-478
880
-809
-653
522
-758
-985
300
-1208
873
-864
175
-2576
-815
-825
523
-559
955
-4944
878
752
821
330
-277
-1209
-986
-862
986
1174
-276
-3397
824
-985
-1293
-800
822
873
952
868
-872
-718
-992
-639
940
-872
942
-512
749
983
-952
-886
-952
-952
821
-771
873
-731
-2109
758
2163
2503
-992
860
821
-541
873
-755
653
1081
-1199
912
868
959
316
891
-991
3315
228
807
883
942
-992
499
-2
-753
952
-3887
-992
-991
1689
354
900
-821
807
1214
952
868
1212
900
-885
1211
-821
-868
1711
-107
-685
1641
412
883
783
-898
653
748
928
-992
-1216
-868
-653
-3822
870
-2541
733
2082
-781
-960
2081
-872
-3538
952
952
-872
-4283
-1324
-540
982
883
896
118
-540
751
-762
93
-859
-438
-914
-868
723
821
821
3674
186
-881
-994
-952
2844
-885
952
-807
994
1871
993
-868
488
940
-719
952
-761
-821
835
734
926
-821
982
-992
3876
2207
-907
-893
-2486
1881
-868
1063
-3112
-868
875
51
-991
-992
18
-653
-2348
-753
-1871
-2045
70
897
-985
-662
986
1233
940
959
639
773
-540
-821
-2617
-835
940
955
-952
382
-952
4372
-2510
940
-1893
3731
-507
821
243
952
723
986
872
773
-821
-821
952
160
159
986
-273
361
685
-868
761
986
-872
-242
-789
-786
135
870
952
-821
802
158
-994
-874
-872
783
685
-992
-1917
-992
-900
-952
-370
-994
-99
-952
-868
683
-952
-653
-653
2474
233
873
-872
-4925
3633
-872
3756
331
-966
2860
810
821
-686
-993
570
-558
-809
-952
875
-211
-3568
-924
653
1062
909
518
-868
-176
-772
-3499
992
-718
821
231
-332
-1212
958
-3088
-837
986
942
389
277
903
994
-968
1268
872
2892
-246
813
-561
-2237
2259
873
-868
891
-945
821
-807
-1156
-981
986
1083
-561
874
-940
667
952
-2709
-955
-992
-1097
-952
-933
4
-323
-952
770
834
-549
-868
-868
639
-952
-916
891
2893
763
952
743
898
975
900
-654
-985
-1993
563
-208
870
-438
905
-878
-749
786
-954
-925
-812
-406
980
-952
-1929
-877
835
-911
3034
-868
-868
-868
952
2539
942
904
837
821
100
-392
-609
2506
1871
-581
-225
770
952
-975
-821
-821
986
1147
886
-1529
-2367
952
984
-599
868
653
2336
946
991
-1923
965
-1073
732
870
2061
859
944
131
-247
1758
868
-1421
964
1109
208
821
1523
-2151
794
873
1427
-954
952
952
-653
-668
-448
-1370
-350
913
1923
-952
900
-868
647
-978
-664
-960
911
787
-963
-868
-821
-952
992
-860
-952
-678
3478
992
-393
992
-355
-952
-968
566
992
952
-1124
1154
952
-893
-917
-840
-758
667
-906
952
-840
664
821
718
-2108
834
-755
992
-872
234
-594
-872
-2713
960
880
992
-986
-3586
-942
718
-392
-668
341
-868
-986
852
732
718
773
-952
371
64
-830
-917
-662
2765
761
5223
-955
952
-870
-1479
-843
-872
717
-979
1167
906
-809
-880
-652
-792
859
-2021
858
-718
-968
-23
3975
-475
-952
908
-952
-952
-1255
868
-952
-1113
448
34
-870
390
-994
-530
886
986
-773
843
-917
-802
952
730
-872
952
667
982
-880
986
924
892
-960
-992
-609
-446
-574
986
952
-802
2688
952
1128
-381
2500
1636
952
-917
-901
986
-835
-941
868
868
3739
952
952
1953
-394
868
-874
-807
-952
893
-1464
-802
718
-732
1293
982
868
475
986
3487
1577
1603
667
728
1737
-530
-2052
-488
-1540
-566
-1115
-2673
-750
-992
992
430
-755
-727
-2094
-959
874
-805
951
-1825
834
-960
-1346
-718
1375
200
-600
728
-952
872
442
891
971
908
-1592
-530
980
964
-807
692
906
667
868
-639
1717
814
1369
667
986
-639
663
864
872
629
723
-893
752
859
-2917
-911
-2786
523
-938
1591
536
514
-840
370
-718
-962
1435
-864
-904
900
-2033
-830
-783
-643
-2993
-968
-770
874
-2467
-900
-2463
914
-870
-934
-1721
1483
-646
1471
991
-2838
-639
1293
-737
792
-900
805
-837
1585
-960
-868
-663
952
-870
928
955
