20
12994 15480 11223 8419 43479985 5140242495
8934 6227 7823 5253 20701226 4002585761
20910 4772 13251 14 512818537 1896000513
12410 29511 18402 6720 439156036 1680932725
16383 4469 4420 13302 643936076 3791267169
15546 27349 1422 2163 105613611 2334102076
12624 15596 7135 19293 187241137 9022109417
15819 21470 29446 32408 86077873 9025542146
12294 22952 6737 29788 295304675 8855041089
2257 29505 13494 30267 83809121 6379848288
2699 30014 14689 26606 439357273 9356846801
16710 32744 501 29988 729372735 9119218865
27066 29417 30199 31662 742987289 3337365505
904 29443 17470 32692 310166673 3815812241
1179 16485 3691 7645 696940861 4141556561
24242 27284 32673 12173 636360101 4358480681
9553 5910 20256 16296 885962449 2641048297
29101 8749 30837 4727 36246353 69912246
29521 28013 20049 29097 588033293 2187613821
16263 17910 19024 13696 545218356 8259466001
