20
35 29739 3374 11141 307471881 310641
6001 28056 11771 16503 935460386 553481
9560 16410 6640 18892 305461921 492501
32213 12221 19677 25636 649441621 96065
30362 22714 25123 5440 208143105 262145
22479 31164 24663 27022 302312215 465021
31913 25237 31666 362 963092961 462401
749 2622 26244 26678 380914897 499001
13717 26449 32322 27054 575101379 680911
24123 10347 7414 11825 802965121 771841
10733 26125 25091 17614 668890581 340379
8601 28148 12974 31311 13362849 598199
11063 26633 20932 32427 655920797 889926
28751 24402 3919 30328 157884361 817409
12192 15755 1094 15441 835346337 518475
15072 5711 25488 22103 720143225 210709
32501 18174 28884 3634 974083921 769531
17437 707 30448 15931 861152776 993089
9427 28253 29456 21682 605310681 215405
23931 1441 26287 22074 797485875 411001
