20
6683 32516 11852 24413 27811115 204454
3804 1880 8745 7004 814636661 417609
21950 8961 26597 17190 192633781 243401
10581 12633 7200 6340 518732761 542731
16921 11559 2574 4118 703802761 837501
32365 26360 25812 26935 219213001 95702
4708 19548 28264 18011 90143009 585729
20137 11697 22175 32052 864689697 317207
23078 4000 19265 22813 218992513 187073
4199 4734 14948 27299 122482945 85283
9939 10532 14938 10792 623936121 191089
21790 2569 30451 28326 575494897 291201
4532 18585 31210 22248 526605681 935501
4323 10786 13483 4784 832615380 252763
11789 24779 27617 19100 268706783 228751
18478 12404 6496 2261 374752971 685101
30586 27760 5998 18884 880627145 577939
26588 2677 125 4961 194973777 975617
9371 1595 12484 27356 475038670 826776
19318 21148 21355 2989 441277066 518029
